000011222
000022111
000101222
000110222
000111022
000111202
000111220
000202111
000220111
000222011
000222101
000222110
001001221
001001222
001010122
001010222
001011222
001012102
001012120
001012122
001021021
001021201
001021221
001100222
001101222
001110222
001112122
001112222
001121221
001121222
001201021
001201201
001201221
001210102
001210120
001210122
001211122
001211221
001211222
001212100
001212102
001212112
001212120
001212121
001212122
001221001
001221021
001221121
001221201
001221211
001221221
001222001
001222010
001222011
001222100
001222101
001222110
001222112
001222121
001222211
002002111
002002112
002012012
002012102
002012112
002020111
002020211
002021201
002021210
002021211
002022111
002102012
002102102
002102112
002111002
002111020
002111022
002111122
002111200
002111202
002111212
002111220
002111221
002112002
002112012
002112102
002112112
002112122
002112212
002120201
002120210
002120211
002121200
002121201
002121210
002121211
002121212
002121221
002122111
002122112
002122211
002200111
002202111
002212111
002212112
002220111
002221111
002221211
010001222
010010212
010010222
010011222
010012012
010012210
010012212
010100222
010101222
010110222
010112212
010112222
010121222
010210012
010210210
010210212
010211212
010211222
010212010
010212012
010212112
010212210
010212211
010212212
010222001
010222010
010222011
010222100
010222101
010222110
010222112
010222121
010222211
011000222
011001222
011010222
011011222
011012122
011012212
011012222
011021221
011021222
011100222
011101222
011102222
011110222
011112222
011120222
011121222
011201221
011201222
011210122
011210212
011210222
011211222
011212012
011212102
011212120
011212122
011212210
011212212
011221021
011221201
011221221
011222000
011222001
011222010
011222011
011222012
011222021
011222100
011222101
011222102
011222110
011222112
011222120
011222121
011222201
011222210
011222211
012002012
012002102
012002112
012010012
012010210
012010212
012011212
012011222
012012002
012012010
012012102
012012122
012012210
012012211
012020201
012020210
012020211
012021200
012021201
012021210
012021211
012021212
012021221
012022111
012022112
012022211
012101222
012102002
012102012
012102102
012102112
012102122
012102212
012110212
012110222
012111022
012111202
012111220
012112002
012112022
012112102
012112122
012112202
012112210
012120200
012120201
012120210
012120211
012120212
012120221
012121200
012121201
012121202
012121210
012121212
012121220
012121221
012122012
012122102
012122112
012122201
012122210
012122211
012202111
012202112
012210010
012210012
012210112
012210210
012210211
012210212
012211012
012211210
012211212
012212010
012212011
012212102
012212110
012212210
012212211
012220111
012220211
012221201
012221210
012221211
012222011
012222101
012222110
020002111
020020111
020020121
020021021
020021120
020021121
020022111
020111002
020111020
020111022
020111122
020111200
020111202
020111212
020111220
020111221
020120021
020120120
020120121
020121020
020121021
020121120
020121121
020121122
020121221
020122111
020122121
020200111
020202111
020212111
020220111
020221111
020221121
021001021
021001201
021001221
021010102
021010120
021010122
021011122
021011221
021011222
021012100
021012102
021012112
021012120
021012121
021012122
021020021
021020120
021020121
021021001
021021020
021021120
021021122
021021201
021021211
021022111
021022121
021101221
021101222
021110122
021110222
021111022
021111202
021111220
021112102
021112120
021112122
021120020
021120021
021120120
021120121
021120122
021120221
021121020
021121022
021121120
021121122
021121201
021121220
021122021
021122120
021122121
021201001
021201021
021201121
021201201
021201211
021201221
021202111
021210100
021210102
021210112
021210120
021210121
021210122
021211021
021211102
021211120
021211122
021211201
021211221
021212100
021212101
021212102
021212110
021212112
021212120
021212121
021220111
021220121
021221001
021221011
021221101
021221120
021221201
021221211
021222011
021222101
021222110
022000111
022002111
022012111
022012112
022020111
022021111
022021121
022021211
022022111
022102111
022102112
022111000
022111002
022111012
022111020
022111021
022111022
022111102
022111120
022111122
022111200
022111201
022111202
022111210
022111212
022111220
022111221
022112012
022112102
022112112
022120111
022120121
022120211
022121021
022121120
022121121
022121201
022121210
022121211
022122111
022200111
022201111
022202111
022210111
022212111
022220111
022221111
100001222
100010221
100010222
100011222
100012021
100012201
100012221
100100122
100100222
100101222
100102102
100102120
100102122
100110222
100112122
100112221
100112222
100120102
100120120
100120122
100121122
100121222
100122100
100122102
100122112
100122120
100122121
100122122
100210021
100210201
100210221
100211221
100211222
100212001
100212021
100212121
100212201
100212211
100212221
100222001
100222010
100222011
100222100
100222101
100222110
100222112
100222121
100222211
101000222
101001222
101010222
101011222
101012122
101012221
101012222
101021221
101021222
101100222
101101222
101102122
101102222
101110222
101112222
101120122
101120222
101121222
101122102
101122120
101122122
101201221
101201222
101210122
101210221
101210222
101211222
101212021
101212102
101212120
101212122
101212201
101212221
101221021
101221201
101221221
101222000
101222001
101222010
101222011
101222012
101222021
101222100
101222101
101222102
101222110
101222112
101222120
101222121
101222201
101222210
101222211
102002012
102002102
102002112
102010021
102010201
102010221
102011221
102011222
102012001
102012002
102012012
102012021
102012102
102012112
102012121
102012122
102012201
102012211
102012212
102012221
102020201
102020210
102020211
102021200
102021201
102021210
102021211
102021212
102021221
102022111
102022112
102022211
102100102
102100120
102100122
102101122
102101222
102102002
102102012
102102100
102102120
102102121
102102212
102110122
102110221
102110222
102111022
102111202
102111220
102112002
102112012
102112021
102112022
102112120
102112201
102112202
102112212
102112221
102120100
102120102
102120112
102120120
102120121
102120122
102120200
102120201
102120210
102120211
102120212
102120221
102121102
102121120
102121122
102121200
102121201
102121202
102121210
102121212
102121220
102121221
102122012
102122100
102122101
102122110
102122120
102122121
102122201
102122210
102122211
102202111
102202112
102210001
102210021
102210121
102210201
102210211
102210221
102211021
102211201
102211221
102212001
102212011
102212012
102212021
102212101
102212102
102212112
102212121
102212201
102212211
102220111
102220211
102221201
102221210
102221211
102222011
102222101
102222110
110000222
110001222
110010222
110011222
110012212
110012221
110012222
110021222
110100222
110101222
110102122
110102222
110110222
110112222
110120122
110120222
110121222
110122102
110122120
110122122
110201222
110210212
110210221
110210222
110211222
110212012
110212021
110212201
110212210
110212212
110212221
110222000
110222001
110222010
110222011
110222012
110222021
110222100
110222101
110222102
110222110
110222112
110222120
110222121
110222201
110222210
110222211
111000022
111000202
111000220
111002002
111002020
111002022
111002122
111002200
111002202
111002212
111002220
111002221
111012022
111012202
111012220
111020002
111020020
111020022
111020122
111020200
111020202
111020212
111020220
111020221
111021022
111021202
111021220
111022000
111022002
111022012
111022020
111022021
111022022
111022102
111022120
111022122
111022200
111022201
111022202
111022210
111022212
111022220
111022221
111102022
111102202
111102220
111120022
111120202
111120220
111122002
111122020
111122022
111122122
111122200
111122202
111122212
111122220
111122221
111200002
111200020
111200022
111200122
111200200
111200202
111200212
111200220
111200221
111201022
111201202
111201220
111202000
111202002
111202012
111202020
111202021
111202022
111202102
111202120
111202122
111202200
111202201
111202202
111202210
111202212
111202220
111202221
111210022
111210202
111210220
111212002
111212020
111212022
111212122
111212200
111212202
111212212
111212220
111212221
111220000
111220002
111220012
111220020
111220021
111220022
111220102
111220120
111220122
111220200
111220201
111220202
111220210
111220212
111220220
111220221
111221002
111221020
111221022
111221122
111221200
111221202
111221212
111221220
111221221
112001222
112002002
112002012
112002102
112002112
112002122
112002212
112010212
112010221
112010222
112011222
112012002
112012021
112012022
112012102
112012122
112012201
112012202
112012210
112012221
112020200
112020201
112020210
112020211
112020212
112020221
112021200
112021201
112021202
112021210
112021212
112021220
112021221
112022012
112022102
112022112
112022201
112022210
112022211
112100122
112100222
112101222
112102002
112102012
112102022
112102120
112102202
112102212
112110222
112112002
112112022
112112202
112112221
112112222
112120102
112120120
112120122
112120200
112120201
112120202
112120210
112120212
112120220
112120221
112121122
112121200
112121202
112121212
112121220
112121221
112121222
112122002
112122012
112122100
112122120
112122121
112122200
112122201
112122210
112122211
112122212
112122221
112202012
112202102
112202112
112210012
112210021
112210201
112210210
112210212
112210221
112211212
112211221
112211222
112212001
112212002
112212010
112212021
112212102
112212121
112212122
112212201
112212210
112212211
112212221
112220201
112220210
112220211
112221200
112221201
112221210
112221211
112221212
112221221
112222001
112222010
112222011
112222100
112222101
112222110
112222112
112222121
112222211
120010021
120010201
120010221
120011221
120011222
120012001
120012021
120012121
120012201
120012211
120012221
120020021
120020120
120020121
120021020
120021021
120021120
120021121
120021122
120021221
120022111
120022121
120100102
120100120
120100122
120101122
120101222
120102100
120102102
120102112
120102120
120102121
120102122
120110122
120110221
120110222
120111022
120111202
120111220
120112021
120112102
120112120
120112122
120112201
120112221
120120020
120120021
120120100
120120102
120120112
120120221
120121020
120121021
120121022
120121102
120121220
120121221
120122021
120122100
120122101
120122102
120122110
120122112
120202111
120210001
120210021
120210121
120210201
120210211
120210221
120211021
120211201
120211221
120212001
120212011
120212021
120212101
120212121
120212201
120212211
120220111
120220121
120221021
120221120
120221121
120222011
120222101
120222110
121001221
121001222
121010122
121010221
121010222
121011222
121012021
121012102
121012120
121012122
121012201
121012221
121020020
121020021
121020120
121020121
121020122
121020221
121021020
121021022
121021120
121021122
121021201
121021220
121022021
121022120
121022121
121100122
121100222
121101222
121102102
121102120
121102122
121110222
121112122
121112221
121112222
121120020
121120021
121120022
121120102
121120220
121120221
121121020
121121022
121121220
121121222
121122020
121122021
121122100
121122102
121122112
121122221
121201021
121201201
121201221
121210021
121210102
121210120
121210122
121210201
121210221
121211122
121211221
121211222
121212001
121212021
121212100
121212102
121212112
121212120
121212121
121212122
121212201
121212211
121212221
121220021
121220120
121220121
121221001
121221020
121221120
121221122
121221201
121221211
121222001
121222010
121222011
121222100
121222101
121222110
121222112
121222121
121222211
122002111
122002112
122010001
122010021
122010121
122010201
122010211
122010221
122011021
122011201
122011221
122012001
122012011
122012012
122012021
122012101
122012102
122012112
122012121
122012201
122012211
122020111
122020121
122020211
122021021
122021120
122021121
122021201
122021210
122021211
122022111
122100100
122100102
122100112
122100120
122100121
122100122
122101102
122101120
122101122
122102012
122102100
122102101
122102110
122102120
122102121
122110021
122110102
122110120
122110122
122110201
122110221
122111002
122111020
122111022
122111122
122111200
122111202
122111212
122111220
122111221
122112001
122112002
122112012
122112021
122112100
122112120
122112121
122112201
122112211
122112212
122112221
122120021
122120100
122120101
122120102
122120110
122120112
122120201
122120210
122120211
122121020
122121021
122121100
122121102
122121112
122121200
122121201
122121210
122121211
122121212
122121221
122122100
122122101
122122110
122122111
122122211
122200111
122202111
122210001
122210011
122210021
122210101
122210121
122210201
122210211
122211001
122211021
122211121
122211201
122211211
122211221
122212001
122212011
122212101
122212111
122212112
122212121
122212211
122220111
122221111
122221121
122221211
200002111
200020111
200020112
200021012
200021102
200021112
200022111
200111002
200111020
200111022
200111122
200111200
200111202
200111212
200111220
200111221
200120012
200120102
200120112
200121002
200121012
200121102
200121112
200121122
200121212
200122111
200122112
200200111
200200211
200201201
200201210
200201211
200202111
200210201
200210210
200210211
200211200
200211201
200211210
200211211
200211212
200211221
200212111
200212211
200220111
200221111
200221112
200221211
201001021
201001201
201001221
201010102
201010120
201010122
201011122
201011221
201011222
201012100
201012102
201012112
201012120
201012121
201012122
201020012
201020102
201020112
201021001
201021002
201021012
201021021
201021102
201021112
201021121
201021122
201021201
201021211
201021212
201021221
201022111
201022112
201101221
201101222
201110122
201110222
201111022
201111202
201111220
201112102
201112120
201112122
201120002
201120012
201120102
201120112
201120122
201120212
201121002
201121012
201121021
201121022
201121102
201121122
201121201
201121202
201121212
201121221
201122012
201122102
201122112
201200201
201200210
201200211
201201001
201201021
201201121
201201200
201201210
201201212
201202111
201202211
201210100
201210102
201210112
201210120
201210121
201210122
201210200
201210201
201210210
201210211
201210212
201210221
201211021
201211102
201211120
201211122
201211200
201211202
201211210
201211212
201211220
201212100
201212101
201212102
201212110
201212112
201212120
201212121
201212201
201212210
201212211
201220111
201220112
201220211
201221001
201221011
201221012
201221021
201221101
201221102
201221112
201221121
201221210
201222011
201222101
201222110
202000111
202002111
202012111
202012112
202020111
202021111
202021112
202021211
202022111
202102111
202102112
202111000
202111002
202111012
202111020
202111021
202111022
202111102
202111120
202111122
202111200
202111201
202111202
202111210
202111212
202111220
202111221
202112012
202112102
202112112
202120111
202120112
202120211
202121012
202121102
202121112
202121201
202121210
202121211
202122111
202200111
202201111
202201211
202202111
202210111
202210211
202211201
202211210
202211211
202212111
202220111
202221111
210010012
210010210
210010212
210011212
210011222
210012010
210012012
210012112
210012210
210012211
210012212
210020012
210020102
210020112
210021002
210021012
210021102
210021112
210021122
210021212
210022111
210022112
210101222
210110212
210110222
210111022
210111202
210111220
210112012
210112210
210112212
210120002
210120012
210120102
210120112
210120122
210120212
210121002
210121012
210121022
210121102
210121122
210121202
210121212
210122012
210122102
210122112
210200201
210200210
210200211
210201200
210201201
210201210
210201211
210201212
210201221
210202111
210202211
210210010
210210012
210210112
210210200
210210201
210210221
210211012
210211200
210211201
210211202
210211220
210211221
210212010
210212011
210212012
210212110
210212112
210212201
210220111
210220112
210220211
210221012
210221102
210221112
210221201
210221210
210221211
210222011
210222101
210222110
211001221
211001222
211010122
211010212
211010222
211011222
211012012
211012102
211012120
211012122
211012210
211012212
211020002
211020012
211020102
211020112
211020122
211020212
211021002
211021012
211021021
211021022
211021102
211021122
211021201
211021202
211021212
211021221
211022012
211022102
211022112
211100222
211101222
211110222
211112122
211112212
211112222
211120002
211120012
211120022
211120102
211120122
211120202
211120212
211121002
211121022
211121122
211121202
211121212
211121221
211121222
211122002
211122012
211122102
211122112
211122122
211122212
211200200
211200201
211200210
211200211
211200212
211200221
211201021
211201200
211201202
211201210
211201212
211201220
211202201
211202210
211202211
211210012
211210102
211210120
211210122
211210200
211210201
211210202
211210220
211210221
211211122
211211200
211211202
211211220
211211222
211212010
211212012
211212100
211212102
211212112
211212120
211212121
211212122
211212200
211212201
211212221
211220012
211220102
211220112
211220201
211220210
211220211
211221001
211221002
211221012
211221021
211221102
211221112
211221121
211221122
211221200
211221210
211221212
211222001
211222010
211222011
211222100
211222101
211222110
211222112
211222121
211222211
212002111
212002112
212010010
212010012
212010112
212010210
212010211
212010212
212011012
212011210
212011212
212012010
212012011
212012102
212012110
212012210
212012211
212020111
212020112
212020211
212021012
212021102
212021112
212021201
212021210
212021211
212022111
212102012
212102102
212102112
212110012
212110210
212110212
212111002
212111020
212111022
212111122
212111200
212111202
212111212
212111220
212111221
212112002
212112010
212112102
212112122
212112210
212112211
212120012
212120102
212120112
212120201
212120210
212120211
212121002
212121012
212121102
212121112
212121122
212121200
212121201
212121210
212121211
212121212
212121221
212122111
212122112
212122211
212200111
212200211
212201201
212201210
212201211
212202111
212210010
212210011
212210012
212210110
212210112
212210201
212211010
212211012
212211112
212211200
212211201
212211221
212212010
212212011
212212110
212212111
212220111
212221111
212221112
212221211
220000111
220002111
220012111
220020111
220021111
220021112
220021121
220022111
220102111
220111000
220111002
220111012
220111020
220111021
220111022
220111102
220111120
220111122
220111200
220111201
220111202
220111210
220111212
220111220
220111221
220120111
220120112
220120121
220121012
220121021
220121102
220121112
220121120
220121121
220122111
220200111
220201111
220201211
220202111
220210111
220210211
220211201
220211210
220211211
220212111
220220111
220221111
221001001
221001021
221001121
221001201
221001211
221001221
221002111
221010100
221010102
221010112
221010120
221010121
221010122
221011021
221011102
221011120
221011122
221011201
221011221
221012100
221012101
221012102
221012110
221012112
221012120
221012121
221020111
221020112
221020121
221021001
221021011
221021012
221021101
221021102
221021112
221021120
221021201
221021211
221022111
221101021
221101201
221101221
221110102
221110120
221110122
221111002
221111020
221111022
221111122
221111200
221111202
221111212
221111220
221111221
221112100
221112102
221112112
221112120
221112121
221112122
221120012
221120021
221120102
221120112
221120120
221120121
221121001
221121002
221121012
221121020
221121102
221121112
221121120
221121122
221121201
221121211
221121212
221122111
221122112
221122121
221200111
221200211
221201001
221201011
221201021
221201101
221201121
221201210
221202111
221210100
221210101
221210102
221210110
221210112
221210120
221210121
221210201
221210210
221210211
221211001
221211021
221211100
221211102
221211112
221211120
221211121
221211122
221211200
221211210
221211212
221212100
221212101
221212110
221212111
221212112
221212121
221212211
221220111
221221001
221221011
221221101
221221111
221221112
222000011
222000101
222000110
222001001
222001010
222001011
222001100
222001101
222001110
222001112
222001121
222001211
222010001
222010010
222010011
222010100
222010101
222010110
222010112
222010121
222010211
222011000
222011001
222011010
222011011
222011012
222011021
222011100
222011101
222011102
222011110
222011112
222011120
222011121
222011201
222011210
222011211
222012011
222012101
222012110
222021011
222021101
222021110
222100001
222100010
222100011
222100100
222100101
222100110
222100112
222100121
222100211
222101000
222101001
222101010
222101011
222101012
222101021
222101100
222101101
222101102
222101110
222101112
222101120
222101121
222101201
222101210
222101211
222102011
222102101
222102110
222110000
222110001
222110010
222110011
222110012
222110021
222110100
222110101
222110102
222110110
222110112
222110120
222110121
222110201
222110210
222110211
222112001
222112010
222112011
222112100
222112101
222112110
222112112
222112121
222112211
222120011
222120101
222120110
222121001
222121010
222121011
222121100
222121101
222121110
222121112
222121121
222121211
222201011
222201101
222201110
222210011
222210101
222210110
222211001
222211010
222211011
222211100
222211101
222211110
222211112
222211121
222211211
